0.4274513110193041 0.1470804361041722
2.9238681392799926 0.36857103554772586
4.836017199224347 0.804913759823215
6.960627265829185 1.1528727053279422
9.085237332434023 1.5069296544624358
11.209847399038868 1.8670846072266922
13.334457465643705 2.202847545471892
15.459067532248543 2.526414476457563
17.796138605513864 2.891688372774108
20.133209678779192 3.240700926077947
22.470280752044513 3.5836154757520235
25.019812831970317 3.929616301101798
27.569344911896128 4.260372117377163
30.11887699182193 4.580964594269588
32.668409071747746 4.876148722704663
35.21794115167356 5.145924502682387
37.767473231599354 5.405536943277172
40.317005311525165 5.639741035414605
42.866537391450976 5.83837343971175
45.41606947137679 6.016679165243014
47.96560155130258 6.144168193859576
50.515133631228395 6.256412213401729
53.064665711154205 6.338166214795061
55.61419779108 6.399593537422513
58.16372987100581 6.400040823752326
60.713261950931624 6.4004881100821365
63.262794030857435 6.360282038880188
65.81232611078323 6.259095931380598
68.36185819070904 6.122338136040717
70.91139027063485 5.960171992243488
73.46092235056066 5.777679169680377
76.01045443048646 5.559614659276976
78.55998651041227 5.300896791341816
81.10951859033808 5.037097253715184
83.65905067026388 4.747889367631202
86.20858275018969 4.4332731330898705
88.7581148301155 4.088166880399719
91.09518590338082 3.7287946787126325
93.21979596998567 3.4181692322028416
95.3444060365905 3.058759756654937
97.25655509653485 2.7252295226727137
99.16870415647922 2.364258272356552
101.08085321642356 2.0017625211329486
102.78054126970743 1.6514255033080554
104.48022932299132 1.2858434764087523
106.17991737627518 0.9050164404350394
107.4546834162381 0.6155849111861524
109.85245763426356 0.054118096015692174
110.42913750948487 -0.05467365403644919
112.97866958941067 -0.006458672606816762
115.52820166933647 -0.02328906322800428
118.0777337492623 -0.022841776898191668
119.98988280920663 0.015606210535191067
