3.6158156004086948 0.8356328854572763
11.23523155695598 0.6502134984627692
16.646255359889636 0.4445595187858937
21.576992944229914 0.25984713072912635
25.75158454899791 0.05120317260092477
29.692325046395652 -0.14919366387309552
33.77259533457055 -0.3834648903973461
37.40165422642896 -0.5726577883450479
40.44706144191808 -0.8084724961091165
44.289353637011246 -1.0416500428791169
48.150482696347794 -1.2421770249606374
51.17919360034848 -1.5069320059713136
54.23127934043298 -1.7311706044367408
56.91707369309442 -1.900999205942274
59.972755561807176 -2.119004514785354
63.42760770825866 -2.3344297440411634
66.49176616588095 -2.5377422987744285
70.35888877293125 -2.7278804648187047
80.05353782210385 -2.959751662821699
88.09597592994471 -3.0027741415204736
96.87604073330509 -2.948926655878481
103.82024917985181 -2.768517859946367
108.20403272425325 -2.6145624560432323
117.61689940876731 -2.1531734448946627
120.78911296945826 -1.939418798144477
123.43928852427776 -1.7114432702473379
125.14539469206441 -1.5114528533897187
130.9896174456751 -1.0318777060352926
133.9040228325627 -0.8054471815488209
171.10867058855558 0.9549376959621028
179.50361881599184 1.0305648518288282
162.3207684663796 0.7559986750579661
152.39721762172906 0.3551772109970184
144.28976482278904 -0.0977409738323951
138.9929115601193 -0.47895329579330914
