0 1.0000000000000002
34.03842331897978 -0.00006624710168923187
44.785955614441875 -0.5710102683007618
54.226565087777416 -1.007287181185823
68.8626697581981 -1.2380390857899966
90.68923484597549 -1.0053262669758194
83.73726399470026 -1.0554090758529315
135.00894335872812 -0.9844981782047038
179.7722424643922 -0.9947797283868831
21.876647896654518 0.5195230208678372
10.518582312023838 0.8322093408413382
112.84610798277576 -1.0000794965220274
162.68565750248428 -1.0115269956939388
148.3858231202385 -0.9979065915866183
121.6141768797615 -1.0020934084133821
100.8476979132163 -0.9973236170917525
60.142298774428625 -1.1533487909903943
49.74296124544553 -0.7788671745611127
39.40920834713481 -0.29070553163299095
28.649751573368675 0.25956939383902
