3.735248436354482 0.8457026386700282
12.28070606316551 0.6898448473864269
15.669704143315926 0.5193452779892636
22.176832856601578 0.3517614263286206
27.437445482085224 0.07823883561439748
32.09947003615069 -0.15324737112875209
36.719784204279605 -0.37593568975095115
40.78908225425833 -0.5868060736515592
43.79989813722783 -0.7765306190404222
47.703978959326506 -0.9508117299444736
49.01974689977173 -1.1906731058446178
52.086518870376736 -1.4113385894553026
54.70275749023308 -1.6032568799430096
57.76820027950832 -1.8043432598111502
61.720885061278565 -1.9840366700395218
73.48299049151966 -2.137976298717503
82.26585747303194 -2.0792717042788778
91.13886118509713 -1.8643301102152123
97.99188364104963 -1.7041140176144682
102.11758502089505 -1.446048977480523
105.42319782927306 -1.2308406575705462
108.32580639208906 -1.0248579614748397
112.2539585365743 -0.879439906467562
115.14870753330665 -0.6214314041079687
122.17317102930919 -0.459471585727091
130.94763147636576 -0.4153383176783647
139.90528876800488 -0.39832138659980565
155.61838154948094 -0.39023910418738605
164.37042457132225 -0.38496270651172715
173.11592917747583 -0.39101956269487914
