1.8	0.07	0.0025	0.13	0.0028	0.16	0.0032
2.4	0.12	0.0026	0.22	0.0046	0.32	0.0049
3	0.19	0.0048	0.39	0.0054	0.5	    0.0078
3.6	0.26	0.0047	0.5	    0.0064	0.74	0.0096
0.0 0.0     0.0     0.0     0.0     0.0     0.0
						
2.4	0.1	    0.0034	0.17	0.009025 0.2	0.0086
3	0.17	0.0036	0.2775	0.00925	 0.31	0.0075
3.6	0.25	0.0036	0.3975	0.010225 0.37	0.0091
4.2	0.32	0.0055	0.5375	0.0099	 0.66	0.0113
0.0 0.0     0.0     0.0     0.0      0.0    0.0
						
2.4	0.0	    0.0	    0.06	0.0036	 0.09	0.004
3.6	0.06	0.0075	0.145	0.00975	 0.24	0.0051
4.2	0.08	0.0038	0.2025	0.009425 0.0    0.0		
5.2	0.14	0.0079	0.3225	0.0104	 0.54	0.009
6.8	0.24	0.008	0.585	0.009825 0.93	0.0089
						
3.6	0.04	0.0076	0.1	    0.0122	0.08	0.0121
4.2	0.06	0.0024	0.1275	0.01275	0.0     0.0
5.2	0.09	0.0087	0.21	0.0122	0.3	    0.0126
6.8	0.16	0.0076	0.385	0.0123	0.59	0.0131
8	0.22	0.0045	0.545	0.0102	0.84	0.0209