1.8	0.06	0.02	0.07	0.014	0.07	0.0025	0.09	0.011	0.09	0.016	0.13	0.0028	0.12	0.018	0.14	0.0122	0.16	0.0101	0.16	0.0032
2.4	0.09	0.015	0.14	0.013	0.12	0.0026	0.16	0.011	0.18	0.016	0.22	0.0046	0.25	0.019	0.27	0.0063	0.33	0.011	0.32	0.0049
3	0.14	0.017	0.21	0.013	0.19	0.0048	0.23	0.011	0.28	0.017	0.39	0.0054	0.41	0.02	0.44	0.0057	0.52	0.0119	0.5	    0.0078
3.6	0.2	    0.017	0.3	    0.015	0.26	0.0047	0.34	0.012	0.38	0.018	0.5	    0.0064	0.59	0.019	0.68	0.0071	0.75	0.0126	0.74	0.0096
0.0 0.0     0.0     0.0     0.0     0.0     0.0     0.0     0.0     0.0     0.0     0.0     0.0     0.0     0.0     0.0     0.0     0.0     0.0     0.0     0.0

2.4	0.06	0.018	0.09	0.013	0.1	    0.0034	0.115	0.0068	0.14	0.014	0.17	0.009025 0.21	0.017	0.2075	0.007675 0.24	0.0139	0.2	    0.0086
3	0.09	0.018	0.15	0.015	0.17	0.0036	0.1725	0.00665	0.21	0.014	0.2775	0.00925	 0.32	0.018	0.335	0.0083	 0.4	0.0104	0.31	0.0075
3.6	0.11	0.017	0.22	0.015	0.25	0.0036	0.2425	0.00695	0.32	0.014	0.3975	0.010225 0.48	0.019	0.485	0.00885	 0.57	0.011	0.37	0.0091
4.2	0.17	0.017	0.29	0.015	0.32	0.0055	0.3225	0.007425 0.42	0.013	0.5375	0.0099	 0.65	0.02	0.66	0.008775 0.77	0.0117	0.66	0.0113
0.0 0.0     0.0     0.0     0.0     0.0     0.0     0.0     0.0     0.0     0.0     0.0     0.0      0.0    0.0     0.0     0.0      0.0    0.0     0.0     0.0

2.4	0.0	    0.0	    0.0	    0.0	    0.0    	0.0     0.05	0.012	0.04	0.013	0.06	0.0036	0.06	0.018	0.07	0.0059	 0.07	0.01	0.09	0.004
3.6	0.0 	0.0	    0.02	0.0249	0.06	0.0075	0.09	0.006	0.09	0.0065	0.145	0.00975	0.18	0.018	0.185	0.007475 0.23	0.0101	0.24	0.0051
4.2	0.0 	0.0 	0.04	0.0269	0.08	0.0038	0.125	0.0067	0.12	0.0057	0.2025	0.009425 0.21	0.0089	0.26	0.00795	 0.26	0.0084	0.0     0.0	
5.2	0.06	0.018	0.1	    0.016	0.14	0.0079	0.1925	0.006175 0.23	0.015	0.3225	0.0104	0.4	    0.021	0.4175	0.008275 0.52	0.0113	0.54	0.009
6.8	0.09	0.018	0.17	0.016	0.24	0.008	0.34	0.0076	0.4	    0.015	0.585	0.009825 0.7	0.022	0.765	0.0103	 0.93	0.0125	0.93	0.0089

3.6	0.0 	0.0	    0.0	    0.0	    0.04	0.0076	0.06	0.013	0.07	0.013	0.1	    0.0122	0.1	    0.019	0.11	0.0075	0.13	0.0106	0.08	0.0121
4.2	0.0 	0.0	    0.0 	0.0 	0.06	0.0024	0.075	0.008075 0.09	0.0055	0.1275	0.01275	0.16	0.0094	0.165	0.008175 0.2	0.0081	0.0     0.0
5.2	0.0 	0.0 	0.05	0.022	0.09	0.0087	0.1175	0.007425 0.16	0.014	0.21	0.0122	0.25	0.021	0.28	0.0101	0.34	0.0117	0.3	    0.0126
6.8	0.03	0.023	0.1	    0.017	0.16	0.0076	0.21	0.0076	0.27	0.016	0.385	0.0123	0.44	0.022	0.515	0.01025	0.63	0.0137	0.59	0.0131
8	0.06	0.027	0.14	0.018	0.22	0.0045	0.29	0.0083	0.37	0.017	0.545	0.0102	0.63	0.024	0.7225	0.010375 0.9	0.014	0.84	0.0209